1, 3, 4, 6, 61, 63, 64, 66
7, 11, 12, 16, 67, 71, 72, 76
17, 18, 19, 20, 29, 30, 31, 32, 77, 78, 79, 80, 89, 90, 91, 92
17, 28, 29, 40, 77, 88, 89, 100
51, 54, 55, 58, 111, 114, 115, 118
1, 60, 61, 120
1, 1, 4, 4, 7, 7, 12, 12, 61, 61, 64, 64, 67, 67, 72, 72
2, 3, 5, 6, 10, 11, 15, 16, 62, 63, 65, 66, 70, 71, 75, 76
17, 17, 19, 19, 21, 21, 23, 23, 33, 33, 35, 35, 45, 45, 49, 49, 77, 77, 79, 79, 81, 81, 83, 83, 93, 93, 95, 95, 105, 105, 109, 109
21, 22, 23, 24, 33, 34, 35, 36, 81, 82, 83, 84, 93, 94, 95, 96
8, 11, 13, 16, 25, 28, 37, 40, 68, 71, 73, 76, 85, 88, 97, 100
46, 46, 48, 48, 50, 50, 54, 54, 58, 58, 106, 106, 108, 108, 110, 110, 114, 114, 118, 118
45, 47, 49, 51, 53, 55, 105, 107, 109, 111, 113, 115
43, 47, 51, 55, 103, 107, 111, 115
49, 52, 53, 56, 109, 112, 113, 116
49, 50, 53, 54, 57, 58, 109, 110, 113, 114, 117, 118
3, 3, 6, 6, 11, 11, 16, 16, 28, 28, 40, 40, 60, 60, 63, 63, 66, 66, 71, 71, 76, 76, 88, 88, 100, 100, 120, 120