1, 3, 4, 6, 61, 63
7, 11, 12, 16, 64, 68, 69, 73
17, 18, 19, 20, 29, 30, 31, 32, 74, 75, 76, 77, 86, 87, 88, 89
17, 28, 29, 40, 74, 85, 86, 97
51, 54, 55, 58, 108, 111, 112, 115
4, 60, 61, 117
1, 1, 4, 4, 7, 7, 12, 12, 61, 61, 64, 64, 69, 69
2, 3, 5, 6, 10, 11, 15, 16, 27, 28, 39, 40, 62, 63, 67, 68, 72, 73, 84, 85, 96, 97
17, 17, 19, 19, 21, 21, 23, 23, 33, 33, 35, 35, 45, 45, 49, 49, 74, 74, 76, 76, 78, 78, 80, 80, 90, 90, 92, 92, 102, 102, 106, 106
21, 22, 23, 24, 33, 34, 35, 36, 78, 79, 80, 81, 90, 91, 92, 93
8, 11, 13, 16, 25, 28, 37, 40, 65, 68, 70, 73, 82, 85, 94, 97
46, 46, 48, 48, 50, 50, 54, 54, 58, 58, 103, 103, 105, 105, 107, 107, 111, 111, 115, 115
45, 47, 49, 51, 53, 55, 102, 104, 106, 108, 110, 112
43, 47, 51, 55, 100, 104, 108, 112
49, 52, 53, 56, 106, 109, 110, 113
45, 46, 49, 50, 53, 54, 57, 58, 102, 103, 106, 107, 110, 111, 114, 115
3, 3, 6, 6, 11, 11, 16, 16, 28, 28, 40, 40, 60, 60, 63, 63,  68, 68, 73, 73, 85, 85, 97, 97, 117, 117